0000111
1100000
0001100
0000001
1000001
1011101
1000001

0010100
1000001
0000100
0010000
0000010
0110000
0000100

0110001
0000001
0010001
0000100
1010100
0010100
0000000

0100000
0101110
0000000
0101101
0100000
0000011
1110000

0100000
0000100
0100000
0101000
0001000
0000001
1011101

0000101
1010000
1000101
1000100
0000001
0101101
0100001

0010101
0000101
0000001
1001100
1000001
0010101
0010101

0000100
1000000
1000100
0000000
1101001
0000001
0001101

0111000
0000010
0100010
0101010
0101000
0000010
1111010

0110101
0000101
1100101
0000100
0010001
1010000
1010110

0100001
0001000
1001001
1000001
1000000
0000101
0010001

0011101
0000000
0100110
0100000
0000000
1100100
0000101

0000000
0110111
0000000
1100101
0000101
1010000
1010111

0000101
1000001
0010000
0000100
0010001
0000001
0111000

0000101
0010101
0000000
0000110
1100000
0000011
1010000

0101010
0001010
1000000
0000001
1011100
0000000
1101111

0000100
1110100
0000001
0011101
1000001
0000000
1100000

0000000
1101111
0000000
1111000
0000000
1001000
1001011

0010000
1000001
1000100
1010001
0000001
1111101
0000001

0010101
1000001
0001101
1100000
0000101
1110001
0000101

0000001
1011101
1000000
1010010
1010010
0000010
1111010

0000010
1111010
0000000
0000110
1110000
0000111
1010000

0000000
0010101
1010101
0000101
1110101
0000000
1011110

0001100
1000001
1010000
0000111
0100000
0000000
1010010

0100101
0000100
0110001
0000100
1000000
0000100
0100100

0000000
1011101
1000000
1011010
1000000
0000101
0110001

0001000
0000000
1001001
0001001
0100000
0001100
0100000

0101100
0000000
0110110
0000000
1000101
0010101
0010001

0010000
0000101
0100001
0100000
0000101
1000100
0010000

0000001
0010100
0000001
1010000
0010100
1000000
0001001

0010100
0010101
0010101
0000001
0101000
0101010
0101000

0001011
0001000
1101011
0000000
1010011
1000000
1011011

0101001
0100001
0100000
0001111
1000000
1000000
1011111

0101100
0000001
1111101
0000001
0100000
0101111
0100000

0100001
0001101
0000000
0000000
1110000
0000010
1001000

0110101
0000100
1010001
0000000
0100000
0001010
1101010

0000001
1011001
1000000
0000000
1001101
0000001
0110001

0111000
0000001
0000100
1100001
0000001
0011000
0000010

0101010
0101010
0001010
1000010
1010000
1010111
1010000

0000010
0000000
1000001
0000101
1010001
0000000
0001100

0101011
0000000
0000011
1110000
0000111
0010000
1000011

0010001
1000101
1000000
0000000
0110010
0000010
1010000

0001000
1101000
0001010
0101000
0100011
0000000
0000110

0111010
0000010
1111010
0000000
0100101
0100101
0100101

0110100
0000100
0010101
0010100
1010100
0000101
1110001

0000001
1000100
0000000
1111010
0000000
1010110
0010000

0001010
0000000
1010100
0000000
1000100
1010101
1000001

0000000
1111100
0000000
0100011
0001000
0000001
1101101

0110010
0000010
1000010
1010000
1010001
0000101
1110001

0001101
1000000
1001010
1001000
1000011
0010000
1010110

0001001
1001000
0001001
1100001
0001101
1000001
1011100

0110010
0000000
0100001
0100101
0000001
1000001
1010001

0001000
1101010
0001000
0100011
0100000
0000111
1110000

0010001
0000100
1100000
0000110
1010000
1000110
0000000

0000000
1001101
0000000
0101001
0000001
0010101
0010101

0001111
1000000
1010001
0010100
1010000
0000100
0100000

0001000
1100001
0000101
1110101
0000001
1110100
0000101

0010101
1010000
1010000
1000011
1011000
0000001
1111001

0100010
0001010
1000000
1000001
0011100
1000000
1000101

0000011
1101000
0000001
1001101
0000001
1111000
0000011

0100101
0000001
0101100
0000001
1001000
1001011
0000000

0000011
0011000
0000001
0001001
1101001
0000000
0011100

0100001
0100100
0100000
0000001
1001100
1000001
1001100

0000101
0100000
0001111
1100000
0001001
0101000
0000011

0010101
0000101
0100000
0001010
0001010
0000000
1011110

0010000
1010001
1010000
0010101
0000100
1010100
0010001

0101011
0000000
1001101
1000001
0011100
0000000
1010011

0010101
0000000
0101000
0001001
1100001
0001101
1100001

0000100
1100000
0000011
0110000
0000100
1100000
0001000

0010000
1010110
0010000
0000000
0011111
1000000
1001010

0101001
0001000
1100000
0000100
1110101
0000101
1010001

0000001
0000000
1011110
0000000
1110100
0000001
0000101

0010101
1010100
0000100
0010000
0010001
1000000
1011000

0110111
0000000
1100011
0001000
1001010
1001010
0001010

0000000
0101101
0000001
0000000
0000000
0000101
0010101

0001010
0000000
0010110
1010000
0010100
0000100
1110100

0000100
1010101
0000000
0001111
0100000
0100000
0100111

0000010
1100010
0001000
1101001
0000000
0000011
1001000

0100000
0000111
0000000
0100101
0000000
0001011
1101000

0001100
0000000
1111000
0000011
1010000
0000000
0000101

0000101
1110100
0000101
1110101
0000001
1010100
0010001

0010101
0000101
1110000
0000010
0100010
0001010
1101010

0010000
1000110
1010000
0000000
1101011
0001000
0001010

0100000
0101000
0000000
1110001
0000100
1100000
0000010

0101000
0000001
1010100
1000000
0000100
0110000
0000011

0000001
0101101
0100001
0001000
1100001
0001001
1001000

0111111
0000000
1111010
0000010
0000010
1111010
0000010

0111000
0000001
1111100
0000000
0101111
0100000
0100101

0000001
1111101
0000001
1111101
0000000
0101010
0100010

0111100
0000001
1100001
0001001
0001001
0100001
0101101

0101101
0100001
0101000
0000001
1010000
1010101
0000001

0010101
0000100
1100101
0000001
0100100
0100101
0000001

0101010
0101010
0101000
0101001
0100000
0000001
1111100

0000000
0110010
0000010
0000000
1100101
0000000
1110010

0110101
0000101
1010000
1010010
1010010
1010000
1010100

0100010
0000010
1101000
0000000
1111010
0000010
0001000

0000001
0001101
1100001
0000101
1000101
1010100
1000001

0000001
1010001
0010000
1000010
0010000
0000010
0011010

0000000
0000101
0100101
0100101
0000100
1110000
0000011

0000001
1011000
1000000
1011000
1000001
1000000
0001001

0010001
1010000
1010101
0000000
0011010
1000000
0011010

0100100
0100001
0101000
0001010
0101010
0100000
0100111

0010101
0010001
0000101
1100001
0000001
0100001
0101000

0111010
0000010
0010010
1000000
1010000
1010110
0000000

0001010
0001000
1100000
0001110
1000000
1001001
0001000

0010011
0000000
0110100
0000000
0010010
0010000
1010010

0001101
0000000
1000000
0010100
0000001
0000100
1100000

0100010
0001000
0001000
0001011
0101000
0000000
0100001

0010110
1010000
1010101
0000001
1100001
0000101
1110100

0110001
0000000
1000100
0010101
0000001
0100001
0101100

0000110
1100000
0000010
0011000
0000000
1110101
0000101

0100000
0000111
1010000
0000000
1101101
0000001
0111100

0111011
0000000
0000000
0011110
0000000
1101001
0001001

0101000
0001001
1100001
0000101
1010001
1000001
0000101

0011000
0000000
0001001
0100000
0001000
0101000
0100011

0000010
0111010
0000000
1000001
0011101
0000000
0111101

0000000
1110100
0000000
1001010
0000000
0010011
0010000

0000001
0000000
1110000
0000110
1110000
0000000
0101011

0111101
0000001
1110101
0000100
0100000
0101011
0101000

0101011
0101000
0000011
0010000
0010010
1000000
1001101

0110101
0000101
0000100
0110000
0000101
0000000
1011011

0011010
1000000
0001000
1100000
0001011
0000000
1111100

0001000
0000011
1011000
1000000
1011110
1000000
0010001

0001000
0100010
0000010
1000010
1011010
0000000
0101110

0110001
0000101
1000000
1010110
1000000
1010100
0010100

0101000
0100010
0000000
1010111
1000000
1000101
0000101
